# Synthetic colored seed points.
1 -0.875 -0.875 2 0 51 255 0
2 -0.375 -0.875 2 17 60 238 0
3 0.125 -0.875 2 34 68 221 0
4 0.625 -0.875 2 51 77 204 0
5 -0.875 -0.375 2 68 85 187 0
6 -0.375 -0.375 2 85 94 170 0
7 0.125 -0.375 2 102 102 153 0
8 0.625 -0.375 2 119 111 136 0
9 -0.875 0.125 2 136 119 119 0
10 -0.375 0.125 2 153 128 102 0
11 0.125 0.125 2 170 136 85 0
12 0.625 0.125 2 187 144 68 0
13 -0.875 0.625 2 204 153 51 0
14 -0.375 0.625 2 221 161 34 0
15 0.125 0.625 2 238 170 17 0
16 0.625 0.625 2 255 178 0 0
